# Shell ID 	 x 	 y
0	0.000000000000	0.000000000000
1	1.000000000000	0.000000000000
1	0.500000000000	0.866025403784
1	-0.500000000000	0.866025403784
1	-1.000000000000	0.000000000000
1	-0.500000000000	-0.866025403784
1	0.500000000000	-0.866025403784
2	2.000000000000	0.000000000000
2	1.500000000000	0.866025403784
2	1.000000000000	1.732050807569
2	0.000000000000	1.732050807569
2	-1.000000000000	1.732050807569
2	-1.500000000000	0.866025403784
2	-2.000000000000	0.000000000000
2	-1.500000000000	-0.866025403784
2	-1.000000000000	-1.732050807569
2	0.000000000000	-1.732050807569
2	1.000000000000	-1.732050807569
2	1.500000000000	-0.866025403784
3	3.000000000000	0.000000000000
3	2.500000000000	0.866025403784
3	2.000000000000	1.732050807569
3	1.500000000000	2.598076211353
3	0.500000000000	2.598076211353
3	-0.500000000000	2.598076211353
3	-1.500000000000	2.598076211353
3	-2.000000000000	1.732050807569
3	-2.500000000000	0.866025403784
3	-3.000000000000	0.000000000000
3	-2.500000000000	-0.866025403784
3	-2.000000000000	-1.732050807569
3	-1.500000000000	-2.598076211353
3	-0.500000000000	-2.598076211353
3	0.500000000000	-2.598076211353
3	1.500000000000	-2.598076211353
3	2.000000000000	-1.732050807569
3	2.500000000000	-0.866025403784
4	4.000000000000	0.000000000000
4	3.500000000000	0.866025403784
4	3.000000000000	1.732050807569
4	2.500000000000	2.598076211353
4	2.000000000000	3.464101615138
4	1.000000000000	3.464101615138
4	0.000000000000	3.464101615138
4	-1.000000000000	3.464101615138
4	-2.000000000000	3.464101615138
4	-2.500000000000	2.598076211353
4	-3.000000000000	1.732050807569
4	-3.500000000000	0.866025403784
4	-4.000000000000	0.000000000000
4	-3.500000000000	-0.866025403784
4	-3.000000000000	-1.732050807569
4	-2.500000000000	-2.598076211353
4	-2.000000000000	-3.464101615138
4	-1.000000000000	-3.464101615138
4	0.000000000000	-3.464101615138
4	1.000000000000	-3.464101615138
4	2.000000000000	-3.464101615138
4	2.500000000000	-2.598076211353
4	3.000000000000	-1.732050807569
4	3.500000000000	-0.866025403784
5	5.000000000000	0.000000000000
5	4.500000000000	0.866025403784
5	4.000000000000	1.732050807569
5	3.500000000000	2.598076211353
5	3.000000000000	3.464101615138
5	2.500000000000	4.330127018922
5	1.500000000000	4.330127018922
5	0.500000000000	4.330127018922
5	-0.500000000000	4.330127018922
5	-1.500000000000	4.330127018922
5	-2.500000000000	4.330127018922
5	-3.000000000000	3.464101615138
5	-3.500000000000	2.598076211353
5	-4.000000000000	1.732050807569
5	-4.500000000000	0.866025403784
5	-5.000000000000	0.000000000000
5	-4.500000000000	-0.866025403784
5	-4.000000000000	-1.732050807569
5	-3.500000000000	-2.598076211353
5	-3.000000000000	-3.464101615138
5	-2.500000000000	-4.330127018922
5	-1.500000000000	-4.330127018922
5	-0.500000000000	-4.330127018922
5	0.500000000000	-4.330127018922
5	1.500000000000	-4.330127018922
5	2.500000000000	-4.330127018922
5	3.000000000000	-3.464101615138
5	3.500000000000	-2.598076211353
5	4.000000000000	-1.732050807569
5	4.500000000000	-0.866025403784
6	6.000000000000	0.000000000000
6	5.500000000000	0.866025403784
6	5.000000000000	1.732050807569
6	4.500000000000	2.598076211353
6	4.000000000000	3.464101615138
6	3.500000000000	4.330127018922
6	3.000000000000	5.196152422707
6	2.000000000000	5.196152422707
6	1.000000000000	5.196152422707
6	0.000000000000	5.196152422707
6	-1.000000000000	5.196152422707
6	-2.000000000000	5.196152422707
6	-3.000000000000	5.196152422707
6	-3.500000000000	4.330127018922
6	-4.000000000000	3.464101615138
6	-4.500000000000	2.598076211353
6	-5.000000000000	1.732050807569
6	-5.500000000000	0.866025403784
6	-6.000000000000	0.000000000000
6	-5.500000000000	-0.866025403784
6	-5.000000000000	-1.732050807569
6	-4.500000000000	-2.598076211353
6	-4.000000000000	-3.464101615138
6	-3.500000000000	-4.330127018922
6	-3.000000000000	-5.196152422707
6	-2.000000000000	-5.196152422707
6	-1.000000000000	-5.196152422707
6	0.000000000000	-5.196152422707
6	1.000000000000	-5.196152422707
6	2.000000000000	-5.196152422707
6	3.000000000000	-5.196152422707
6	3.500000000000	-4.330127018922
6	4.000000000000	-3.464101615138
6	4.500000000000	-2.598076211353
6	5.000000000000	-1.732050807569
6	5.500000000000	-0.866025403784
7	7.000000000000	0.000000000000
7	6.500000000000	0.866025403784
7	6.000000000000	1.732050807569
7	5.500000000000	2.598076211353
7	5.000000000000	3.464101615138
7	4.500000000000	4.330127018922
7	4.000000000000	5.196152422707
7	3.500000000000	6.062177826491
7	2.500000000000	6.062177826491
7	1.500000000000	6.062177826491
7	0.500000000000	6.062177826491
7	-0.500000000000	6.062177826491
7	-1.500000000000	6.062177826491
7	-2.500000000000	6.062177826491
7	-3.500000000000	6.062177826491
7	-4.000000000000	5.196152422707
7	-4.500000000000	4.330127018922
7	-5.000000000000	3.464101615138
7	-5.500000000000	2.598076211353
7	-6.000000000000	1.732050807569
7	-6.500000000000	0.866025403784
7	-7.000000000000	0.000000000000
7	-6.500000000000	-0.866025403784
7	-6.000000000000	-1.732050807569
7	-5.500000000000	-2.598076211353
7	-5.000000000000	-3.464101615138
7	-4.500000000000	-4.330127018922
7	-4.000000000000	-5.196152422707
7	-3.500000000000	-6.062177826491
7	-2.500000000000	-6.062177826491
7	-1.500000000000	-6.062177826491
7	-0.500000000000	-6.062177826491
7	0.500000000000	-6.062177826491
7	1.500000000000	-6.062177826491
7	2.500000000000	-6.062177826491
7	3.500000000000	-6.062177826491
7	4.000000000000	-5.196152422707
7	4.500000000000	-4.330127018922
7	5.000000000000	-3.464101615138
7	5.500000000000	-2.598076211353
7	6.000000000000	-1.732050807569
7	6.500000000000	-0.866025403784
8	8.000000000000	0.000000000000
8	7.500000000000	0.866025403784
8	7.000000000000	1.732050807569
8	6.500000000000	2.598076211353
8	6.000000000000	3.464101615138
8	5.500000000000	4.330127018922
8	5.000000000000	5.196152422707
8	4.500000000000	6.062177826491
8	4.000000000000	6.928203230276
8	3.000000000000	6.928203230276
8	2.000000000000	6.928203230276
8	1.000000000000	6.928203230276
8	0.000000000000	6.928203230276
8	-1.000000000000	6.928203230276
8	-2.000000000000	6.928203230276
8	-3.000000000000	6.928203230276
8	-4.000000000000	6.928203230276
8	-4.500000000000	6.062177826491
8	-5.000000000000	5.196152422707
8	-5.500000000000	4.330127018922
8	-6.000000000000	3.464101615138
8	-6.500000000000	2.598076211353
8	-7.000000000000	1.732050807569
8	-7.500000000000	0.866025403784
8	-8.000000000000	0.000000000000
8	-7.500000000000	-0.866025403784
8	-7.000000000000	-1.732050807569
8	-6.500000000000	-2.598076211353
8	-6.000000000000	-3.464101615138
8	-5.500000000000	-4.330127018922
8	-5.000000000000	-5.196152422707
8	-4.500000000000	-6.062177826491
8	-4.000000000000	-6.928203230276
8	-3.000000000000	-6.928203230276
8	-2.000000000000	-6.928203230276
8	-1.000000000000	-6.928203230276
8	0.000000000000	-6.928203230276
8	1.000000000000	-6.928203230276
8	2.000000000000	-6.928203230276
8	3.000000000000	-6.928203230276
8	4.000000000000	-6.928203230276
8	4.500000000000	-6.062177826491
8	5.000000000000	-5.196152422707
8	5.500000000000	-4.330127018922
8	6.000000000000	-3.464101615138
8	6.500000000000	-2.598076211353
8	7.000000000000	-1.732050807569
8	7.500000000000	-0.866025403784
9	9.000000000000	0.000000000000
9	8.500000000000	0.866025403784
9	8.000000000000	1.732050807569
9	7.500000000000	2.598076211353
9	7.000000000000	3.464101615138
9	6.500000000000	4.330127018922
9	6.000000000000	5.196152422707
9	5.500000000000	6.062177826491
9	5.000000000000	6.928203230276
9	4.500000000000	7.794228634060
9	3.500000000000	7.794228634060
9	2.500000000000	7.794228634060
9	1.500000000000	7.794228634060
9	0.500000000000	7.794228634060
9	-0.500000000000	7.794228634060
9	-1.500000000000	7.794228634060
9	-2.500000000000	7.794228634060
9	-3.500000000000	7.794228634060
9	-4.500000000000	7.794228634060
9	-5.000000000000	6.928203230276
9	-5.500000000000	6.062177826491
9	-6.000000000000	5.196152422707
9	-6.500000000000	4.330127018922
9	-7.000000000000	3.464101615138
9	-7.500000000000	2.598076211353
9	-8.000000000000	1.732050807569
9	-8.500000000000	0.866025403784
9	-9.000000000000	0.000000000000
9	-8.500000000000	-0.866025403784
9	-8.000000000000	-1.732050807569
9	-7.500000000000	-2.598076211353
9	-7.000000000000	-3.464101615138
9	-6.500000000000	-4.330127018922
9	-6.000000000000	-5.196152422707
9	-5.500000000000	-6.062177826491
9	-5.000000000000	-6.928203230276
9	-4.500000000000	-7.794228634060
9	-3.500000000000	-7.794228634060
9	-2.500000000000	-7.794228634060
9	-1.500000000000	-7.794228634060
9	-0.500000000000	-7.794228634060
9	0.500000000000	-7.794228634060
9	1.500000000000	-7.794228634060
9	2.500000000000	-7.794228634060
9	3.500000000000	-7.794228634060
9	4.500000000000	-7.794228634060
9	5.000000000000	-6.928203230276
9	5.500000000000	-6.062177826491
9	6.000000000000	-5.196152422707
9	6.500000000000	-4.330127018922
9	7.000000000000	-3.464101615138
9	7.500000000000	-2.598076211353
9	8.000000000000	-1.732050807569
9	8.500000000000	-0.866025403784
10	10.000000000000	0.000000000000
10	9.500000000000	0.866025403784
10	9.000000000000	1.732050807569
10	8.500000000000	2.598076211353
10	8.000000000000	3.464101615138
10	7.500000000000	4.330127018922
10	7.000000000000	5.196152422707
10	6.500000000000	6.062177826491
10	6.000000000000	6.928203230276
10	5.500000000000	7.794228634060
10	5.000000000000	8.660254037844
10	4.000000000000	8.660254037844
10	3.000000000000	8.660254037844
10	2.000000000000	8.660254037844
10	1.000000000000	8.660254037844
10	0.000000000000	8.660254037844
10	-1.000000000000	8.660254037844
10	-2.000000000000	8.660254037844
10	-3.000000000000	8.660254037844
10	-4.000000000000	8.660254037844
10	-5.000000000000	8.660254037844
10	-5.500000000000	7.794228634060
10	-6.000000000000	6.928203230276
10	-6.500000000000	6.062177826491
10	-7.000000000000	5.196152422707
10	-7.500000000000	4.330127018922
10	-8.000000000000	3.464101615138
10	-8.500000000000	2.598076211353
10	-9.000000000000	1.732050807569
10	-9.500000000000	0.866025403784
10	-10.000000000000	0.000000000000
10	-9.500000000000	-0.866025403784
10	-9.000000000000	-1.732050807569
10	-8.500000000000	-2.598076211353
10	-8.000000000000	-3.464101615138
10	-7.500000000000	-4.330127018922
10	-7.000000000000	-5.196152422707
10	-6.500000000000	-6.062177826491
10	-6.000000000000	-6.928203230276
10	-5.500000000000	-7.794228634060
10	-5.000000000000	-8.660254037844
10	-4.000000000000	-8.660254037844
10	-3.000000000000	-8.660254037844
10	-2.000000000000	-8.660254037844
10	-1.000000000000	-8.660254037844
10	0.000000000000	-8.660254037844
10	1.000000000000	-8.660254037844
10	2.000000000000	-8.660254037844
10	3.000000000000	-8.660254037844
10	4.000000000000	-8.660254037844
10	5.000000000000	-8.660254037844
10	5.500000000000	-7.794228634060
10	6.000000000000	-6.928203230276
10	6.500000000000	-6.062177826491
10	7.000000000000	-5.196152422707
10	7.500000000000	-4.330127018922
10	8.000000000000	-3.464101615138
10	8.500000000000	-2.598076211353
10	9.000000000000	-1.732050807569
10	9.500000000000	-0.866025403784
11	11.000000000000	0.000000000000
11	10.500000000000	0.866025403784
11	10.000000000000	1.732050807569
11	9.500000000000	2.598076211353
11	9.000000000000	3.464101615138
11	8.500000000000	4.330127018922
11	8.000000000000	5.196152422707
11	7.500000000000	6.062177826491
11	7.000000000000	6.928203230276
11	6.500000000000	7.794228634060
11	6.000000000000	8.660254037844
11	5.500000000000	9.526279441629
11	4.500000000000	9.526279441629
11	3.500000000000	9.526279441629
11	2.500000000000	9.526279441629
11	1.500000000000	9.526279441629
11	0.500000000000	9.526279441629
11	-0.500000000000	9.526279441629
11	-1.500000000000	9.526279441629
11	-2.500000000000	9.526279441629
11	-3.500000000000	9.526279441629
11	-4.500000000000	9.526279441629
11	-5.500000000000	9.526279441629
11	-6.000000000000	8.660254037844
11	-6.500000000000	7.794228634060
11	-7.000000000000	6.928203230276
11	-7.500000000000	6.062177826491
11	-8.000000000000	5.196152422707
11	-8.500000000000	4.330127018922
11	-9.000000000000	3.464101615138
11	-9.500000000000	2.598076211353
11	-10.000000000000	1.732050807569
11	-10.500000000000	0.866025403784
11	-11.000000000000	0.000000000000
11	-10.500000000000	-0.866025403784
11	-10.000000000000	-1.732050807569
11	-9.500000000000	-2.598076211353
11	-9.000000000000	-3.464101615138
11	-8.500000000000	-4.330127018922
11	-8.000000000000	-5.196152422707
11	-7.500000000000	-6.062177826491
11	-7.000000000000	-6.928203230276
11	-6.500000000000	-7.794228634060
11	-6.000000000000	-8.660254037844
11	-5.500000000000	-9.526279441629
11	-4.500000000000	-9.526279441629
11	-3.500000000000	-9.526279441629
11	-2.500000000000	-9.526279441629
11	-1.500000000000	-9.526279441629
11	-0.500000000000	-9.526279441629
11	0.500000000000	-9.526279441629
11	1.500000000000	-9.526279441629
11	2.500000000000	-9.526279441629
11	3.500000000000	-9.526279441629
11	4.500000000000	-9.526279441629
11	5.500000000000	-9.526279441629
11	6.000000000000	-8.660254037844
11	6.500000000000	-7.794228634060
11	7.000000000000	-6.928203230276
11	7.500000000000	-6.062177826491
11	8.000000000000	-5.196152422707
11	8.500000000000	-4.330127018922
11	9.000000000000	-3.464101615138
11	9.500000000000	-2.598076211353
11	10.000000000000	-1.732050807569
11	10.500000000000	-0.866025403784
