-2.208000000000000185e+00 0.000000000000000000e+00 0.000000000000000000e+00
1.104000000000000092e+00 1.912184091556045962e+00 0.000000000000000000e+00
2.208000000000000185e+00 0.000000000000000000e+00 0.000000000000000000e+00
-1.104000000000000092e+00 -1.912184091556030197e+00 0.000000000000000000e+00
-1.104000000000000092e+00 1.912184091556045962e+00 0.000000000000000000e+00
1.104000000000000092e+00 -1.912184091556030197e+00 0.000000000000000000e+00
-3.312000000000000277e+00 1.912184091556045962e+00 0.000000000000000000e+00
-3.312000000000000277e+00 -1.912184091556030197e+00 0.000000000000000000e+00
3.312000000000000277e+00 1.912184091556045962e+00 0.000000000000000000e+00
0.000000000000000000e+00 3.824368183112076380e+00 0.000000000000000000e+00
0.000000000000000000e+00 -3.824368183112076380e+00 0.000000000000000000e+00
3.312000000000000277e+00 -1.912184091556030197e+00 0.000000000000000000e+00
2.208000000000000185e+00 3.824368183112076380e+00 0.000000000000000000e+00
4.416000000000000369e+00 0.000000000000000000e+00 0.000000000000000000e+00
-2.208000000000000185e+00 3.824368183112076380e+00 0.000000000000000000e+00
-4.416000000000000369e+00 0.000000000000000000e+00 0.000000000000000000e+00
2.208000000000000185e+00 -3.824368183112076380e+00 0.000000000000000000e+00
-2.208000000000000185e+00 -3.824368183112076380e+00 0.000000000000000000e+00
-1.104000000000000092e+00 -5.736552274668122564e+00 0.000000000000000000e+00
-5.519999999999999574e+00 -1.912184091556030197e+00 0.000000000000000000e+00
-5.519999999999999574e+00 1.912184091556045962e+00 0.000000000000000000e+00
5.519999999999999574e+00 -1.912184091556030197e+00 0.000000000000000000e+00
4.416000000000000369e+00 -3.824368183112076380e+00 0.000000000000000000e+00
5.519999999999999574e+00 1.912184091556045962e+00 0.000000000000000000e+00
4.416000000000000369e+00 3.824368183112076380e+00 0.000000000000000000e+00
1.104000000000000092e+00 -5.736552274668122564e+00 0.000000000000000000e+00
1.104000000000000092e+00 5.736552274668122564e+00 0.000000000000000000e+00
-4.416000000000000369e+00 -3.824368183112076380e+00 0.000000000000000000e+00
-4.416000000000000369e+00 3.824368183112076380e+00 0.000000000000000000e+00
-1.104000000000000092e+00 5.736552274668122564e+00 0.000000000000000000e+00
-6.624000000000000554e+00 0.000000000000000000e+00 0.000000000000000000e+00
3.312000000000000277e+00 5.736552274668122564e+00 0.000000000000000000e+00
3.312000000000000277e+00 -5.736552274668122564e+00 0.000000000000000000e+00
6.624000000000000554e+00 0.000000000000000000e+00 0.000000000000000000e+00
-3.312000000000000277e+00 -5.736552274668122564e+00 0.000000000000000000e+00
-3.312000000000000277e+00 5.736552274668122564e+00 0.000000000000000000e+00
0.000000000000000000e+00 7.648736366224167860e+00 0.000000000000000000e+00
-6.624000000000000554e+00 3.824368183112076380e+00 0.000000000000000000e+00
6.624000000000000554e+00 -3.824368183112076380e+00 0.000000000000000000e+00
6.624000000000000554e+00 3.824368183112076380e+00 0.000000000000000000e+00
0.000000000000000000e+00 -7.648736366224167860e+00 0.000000000000000000e+00
-6.624000000000000554e+00 -3.824368183112076380e+00 0.000000000000000000e+00
-5.519999999999999574e+00 -5.736552274668122564e+00 0.000000000000000000e+00
-5.519999999999999574e+00 5.736552274668122564e+00 0.000000000000000000e+00
7.728000000000000647e+00 -1.912184091556030197e+00 0.000000000000000000e+00
7.728000000000000647e+00 1.912184091556045962e+00 0.000000000000000000e+00
5.519999999999999574e+00 -5.736552274668122564e+00 0.000000000000000000e+00
2.208000000000000185e+00 -7.648736366224167860e+00 0.000000000000000000e+00
2.208000000000000185e+00 7.648736366224167860e+00 0.000000000000000000e+00
-7.728000000000000647e+00 1.912184091556045962e+00 0.000000000000000000e+00
-7.728000000000000647e+00 -1.912184091556030197e+00 0.000000000000000000e+00
-2.208000000000000185e+00 7.648736366224167860e+00 0.000000000000000000e+00
-2.208000000000000185e+00 -7.648736366224167860e+00 0.000000000000000000e+00
5.519999999999999574e+00 5.736552274668122564e+00 0.000000000000000000e+00
4.416000000000000369e+00 7.648736366224167860e+00 0.000000000000000000e+00
8.832000000000000739e+00 0.000000000000000000e+00 0.000000000000000000e+00
-4.416000000000000369e+00 7.648736366224167860e+00 0.000000000000000000e+00
4.416000000000000369e+00 -7.648736366224167860e+00 0.000000000000000000e+00
-8.832000000000000739e+00 0.000000000000000000e+00 0.000000000000000000e+00
-4.416000000000000369e+00 -7.648736366224167860e+00 0.000000000000000000e+00
-1.104000000000000092e+00 9.560920457780214932e+00 0.000000000000000000e+00
8.832000000000000739e+00 3.824368183112076380e+00 0.000000000000000000e+00
-8.832000000000000739e+00 -3.824368183112076380e+00 0.000000000000000000e+00
-1.104000000000000092e+00 -9.560920457780198944e+00 0.000000000000000000e+00
-8.832000000000000739e+00 3.824368183112076380e+00 0.000000000000000000e+00
7.728000000000000647e+00 -5.736552274668122564e+00 0.000000000000000000e+00
7.728000000000000647e+00 5.736552274668122564e+00 0.000000000000000000e+00
8.832000000000000739e+00 -3.824368183112076380e+00 0.000000000000000000e+00
-7.728000000000000647e+00 5.736552274668122564e+00 0.000000000000000000e+00
1.104000000000000092e+00 -9.560920457780198944e+00 0.000000000000000000e+00
1.104000000000000092e+00 9.560920457780214932e+00 0.000000000000000000e+00
-7.728000000000000647e+00 -5.736552274668122564e+00 0.000000000000000000e+00
-6.624000000000000554e+00 -7.648736366224167860e+00 0.000000000000000000e+00
-9.935999999999999943e+00 -1.912184091556030197e+00 0.000000000000000000e+00
-9.935999999999999943e+00 1.912184091556045962e+00 0.000000000000000000e+00
9.935999999999999943e+00 -1.912184091556030197e+00 0.000000000000000000e+00
9.935999999999999943e+00 1.912184091556045962e+00 0.000000000000000000e+00
-3.312000000000000277e+00 9.560920457780214932e+00 0.000000000000000000e+00
3.312000000000000277e+00 9.560920457780214932e+00 0.000000000000000000e+00
6.624000000000000554e+00 7.648736366224167860e+00 0.000000000000000000e+00
6.624000000000000554e+00 -7.648736366224167860e+00 0.000000000000000000e+00
-6.624000000000000554e+00 7.648736366224167860e+00 0.000000000000000000e+00
3.312000000000000277e+00 -9.560920457780198944e+00 0.000000000000000000e+00
-3.312000000000000277e+00 -9.560920457780198944e+00 0.000000000000000000e+00
-1.103999999999999915e+01 0.000000000000000000e+00 0.000000000000000000e+00
1.103999999999999915e+01 0.000000000000000000e+00 0.000000000000000000e+00
5.519999999999999574e+00 -9.560920457780198944e+00 0.000000000000000000e+00
-5.519999999999999574e+00 9.560920457780214932e+00 0.000000000000000000e+00
-5.519999999999999574e+00 -9.560920457780198944e+00 0.000000000000000000e+00
5.519999999999999574e+00 9.560920457780214932e+00 0.000000000000000000e+00
0.000000000000000000e+00 1.147310454933624513e+01 0.000000000000000000e+00
9.935999999999999943e+00 5.736552274668122564e+00 0.000000000000000000e+00
9.935999999999999943e+00 -5.736552274668122564e+00 0.000000000000000000e+00
0.000000000000000000e+00 -1.147310454933624513e+01 0.000000000000000000e+00
-9.935999999999999943e+00 -5.736552274668122564e+00 0.000000000000000000e+00
-9.935999999999999943e+00 5.736552274668122564e+00 0.000000000000000000e+00
-1.103999999999999915e+01 3.824368183112076380e+00 0.000000000000000000e+00
8.832000000000000739e+00 7.648736366224167860e+00 0.000000000000000000e+00
1.103999999999999915e+01 3.824368183112076380e+00 0.000000000000000000e+00
8.832000000000000739e+00 -7.648736366224167860e+00 0.000000000000000000e+00
-2.208000000000000185e+00 -1.147310454933624513e+01 0.000000000000000000e+00
1.103999999999999915e+01 -3.824368183112076380e+00 0.000000000000000000e+00
-8.832000000000000739e+00 7.648736366224167860e+00 0.000000000000000000e+00
-2.208000000000000185e+00 1.147310454933624513e+01 0.000000000000000000e+00
2.208000000000000185e+00 1.147310454933624513e+01 0.000000000000000000e+00
-8.832000000000000739e+00 -7.648736366224167860e+00 0.000000000000000000e+00
2.208000000000000185e+00 -1.147310454933624513e+01 0.000000000000000000e+00
-1.103999999999999915e+01 -3.824368183112076380e+00 0.000000000000000000e+00
-4.416000000000000369e+00 1.147310454933624513e+01 0.000000000000000000e+00
7.728000000000000647e+00 9.560920457780214932e+00 0.000000000000000000e+00
7.728000000000000647e+00 -9.560920457780198944e+00 0.000000000000000000e+00
1.214400000000000013e+01 1.912184091556045962e+00 0.000000000000000000e+00
4.416000000000000369e+00 -1.147310454933624513e+01 0.000000000000000000e+00
-1.214400000000000013e+01 1.912184091556045962e+00 0.000000000000000000e+00
4.416000000000000369e+00 1.147310454933624513e+01 0.000000000000000000e+00
-1.214400000000000013e+01 -1.912184091556030197e+00 0.000000000000000000e+00
1.214400000000000013e+01 -1.912184091556030197e+00 0.000000000000000000e+00
-7.728000000000000647e+00 9.560920457780214932e+00 0.000000000000000000e+00
-7.728000000000000647e+00 -9.560920457780198944e+00 0.000000000000000000e+00
-4.416000000000000369e+00 -1.147310454933624513e+01 0.000000000000000000e+00
6.624000000000000554e+00 -1.147310454933624513e+01 0.000000000000000000e+00
-6.624000000000000554e+00 1.147310454933624513e+01 0.000000000000000000e+00
1.324800000000000111e+01 0.000000000000000000e+00 0.000000000000000000e+00
-1.324800000000000111e+01 0.000000000000000000e+00 0.000000000000000000e+00
-6.624000000000000554e+00 -1.147310454933624513e+01 0.000000000000000000e+00
6.624000000000000554e+00 1.147310454933624513e+01 0.000000000000000000e+00
1.103999999999999915e+01 -7.648736366224167860e+00 0.000000000000000000e+00
-1.104000000000000092e+00 1.338528864089229131e+01 0.000000000000000000e+00
1.104000000000000092e+00 1.338528864089229131e+01 0.000000000000000000e+00
-1.214400000000000013e+01 5.736552274668122564e+00 0.000000000000000000e+00
1.104000000000000092e+00 -1.338528864089227532e+01 0.000000000000000000e+00
-1.104000000000000092e+00 -1.338528864089227532e+01 0.000000000000000000e+00
-1.103999999999999915e+01 7.648736366224167860e+00 0.000000000000000000e+00
-1.103999999999999915e+01 -7.648736366224167860e+00 0.000000000000000000e+00
1.103999999999999915e+01 7.648736366224167860e+00 0.000000000000000000e+00
1.214400000000000013e+01 -5.736552274668122564e+00 0.000000000000000000e+00
-1.214400000000000013e+01 -5.736552274668122564e+00 0.000000000000000000e+00
1.214400000000000013e+01 5.736552274668122564e+00 0.000000000000000000e+00
9.935999999999999943e+00 -9.560920457780198944e+00 0.000000000000000000e+00
9.935999999999999943e+00 9.560920457780214932e+00 0.000000000000000000e+00
3.312000000000000277e+00 1.338528864089229131e+01 0.000000000000000000e+00
3.312000000000000277e+00 -1.338528864089227532e+01 0.000000000000000000e+00
-9.935999999999999943e+00 -9.560920457780198944e+00 0.000000000000000000e+00
-1.324800000000000111e+01 -3.824368183112076380e+00 0.000000000000000000e+00
-1.324800000000000111e+01 3.824368183112076380e+00 0.000000000000000000e+00
1.324800000000000111e+01 -3.824368183112076380e+00 0.000000000000000000e+00
-3.312000000000000277e+00 1.338528864089229131e+01 0.000000000000000000e+00
1.324800000000000111e+01 3.824368183112076380e+00 0.000000000000000000e+00
-9.935999999999999943e+00 9.560920457780214932e+00 0.000000000000000000e+00
-3.312000000000000277e+00 -1.338528864089227532e+01 0.000000000000000000e+00
1.435200000000000031e+01 1.912184091556045962e+00 0.000000000000000000e+00
8.832000000000000739e+00 1.147310454933624513e+01 0.000000000000000000e+00
1.435200000000000031e+01 -1.912184091556030197e+00 0.000000000000000000e+00
-5.519999999999999574e+00 1.338528864089229131e+01 0.000000000000000000e+00
-5.519999999999999574e+00 -1.338528864089227532e+01 0.000000000000000000e+00
-1.435200000000000031e+01 1.912184091556045962e+00 0.000000000000000000e+00
-1.435200000000000031e+01 -1.912184091556030197e+00 0.000000000000000000e+00
-8.832000000000000739e+00 1.147310454933624513e+01 0.000000000000000000e+00
5.519999999999999574e+00 1.338528864089229131e+01 0.000000000000000000e+00
5.519999999999999574e+00 -1.338528864089227532e+01 0.000000000000000000e+00
-8.832000000000000739e+00 -1.147310454933624513e+01 0.000000000000000000e+00
8.832000000000000739e+00 -1.147310454933624513e+01 0.000000000000000000e+00
0.000000000000000000e+00 1.529747273244831973e+01 0.000000000000000000e+00
1.324800000000000111e+01 7.648736366224167860e+00 0.000000000000000000e+00
0.000000000000000000e+00 -1.529747273244831973e+01 0.000000000000000000e+00
-1.324800000000000111e+01 7.648736366224167860e+00 0.000000000000000000e+00
1.324800000000000111e+01 -7.648736366224167860e+00 0.000000000000000000e+00
-1.324800000000000111e+01 -7.648736366224167860e+00 0.000000000000000000e+00
-2.208000000000000185e+00 -1.529747273244831973e+01 0.000000000000000000e+00
-7.728000000000000647e+00 -1.338528864089227532e+01 0.000000000000000000e+00
-2.208000000000000185e+00 1.529747273244831973e+01 0.000000000000000000e+00
1.435200000000000031e+01 5.736552274668122564e+00 0.000000000000000000e+00
-7.728000000000000647e+00 1.338528864089229131e+01 0.000000000000000000e+00
2.208000000000000185e+00 -1.529747273244831973e+01 0.000000000000000000e+00
1.214400000000000013e+01 9.560920457780214932e+00 0.000000000000000000e+00
-1.214400000000000013e+01 -9.560920457780198944e+00 0.000000000000000000e+00
1.435200000000000031e+01 -5.736552274668122564e+00 0.000000000000000000e+00
7.728000000000000647e+00 1.338528864089229131e+01 0.000000000000000000e+00
-1.545600000000000129e+01 0.000000000000000000e+00 0.000000000000000000e+00
7.728000000000000647e+00 -1.338528864089227532e+01 0.000000000000000000e+00
1.545600000000000129e+01 0.000000000000000000e+00 0.000000000000000000e+00
-1.435200000000000031e+01 -5.736552274668122564e+00 0.000000000000000000e+00
-1.214400000000000013e+01 9.560920457780214932e+00 0.000000000000000000e+00
-1.435200000000000031e+01 5.736552274668122564e+00 0.000000000000000000e+00
1.214400000000000013e+01 -9.560920457780198944e+00 0.000000000000000000e+00
2.208000000000000185e+00 1.529747273244831973e+01 0.000000000000000000e+00
4.416000000000000369e+00 -1.529747273244831973e+01 0.000000000000000000e+00
-1.103999999999999915e+01 -1.147310454933624513e+01 0.000000000000000000e+00
1.103999999999999915e+01 1.147310454933624513e+01 0.000000000000000000e+00
4.416000000000000369e+00 1.529747273244831973e+01 0.000000000000000000e+00
-1.103999999999999915e+01 1.147310454933624513e+01 0.000000000000000000e+00
1.103999999999999915e+01 -1.147310454933624513e+01 0.000000000000000000e+00
-4.416000000000000369e+00 -1.529747273244831973e+01 0.000000000000000000e+00
-1.545600000000000129e+01 3.824368183112076380e+00 0.000000000000000000e+00
-1.545600000000000129e+01 -3.824368183112076380e+00 0.000000000000000000e+00
1.545600000000000129e+01 3.824368183112076380e+00 0.000000000000000000e+00
-4.416000000000000369e+00 1.529747273244831973e+01 0.000000000000000000e+00
1.545600000000000129e+01 -3.824368183112076380e+00 0.000000000000000000e+00
6.624000000000000554e+00 1.529747273244831973e+01 0.000000000000000000e+00
1.655999999999999872e+01 -1.912184091556030197e+00 0.000000000000000000e+00
1.655999999999999872e+01 1.912184091556045962e+00 0.000000000000000000e+00
-1.655999999999999872e+01 1.912184091556045962e+00 0.000000000000000000e+00
9.935999999999999943e+00 -1.338528864089227532e+01 0.000000000000000000e+00
-1.655999999999999872e+01 -1.912184091556030197e+00 0.000000000000000000e+00
-6.624000000000000554e+00 1.529747273244831973e+01 0.000000000000000000e+00
-9.935999999999999943e+00 -1.338528864089227532e+01 0.000000000000000000e+00
9.935999999999999943e+00 1.338528864089229131e+01 0.000000000000000000e+00
6.624000000000000554e+00 -1.529747273244831973e+01 0.000000000000000000e+00
-9.935999999999999943e+00 1.338528864089229131e+01 0.000000000000000000e+00
-6.624000000000000554e+00 -1.529747273244831973e+01 0.000000000000000000e+00
-1.545600000000000129e+01 -7.648736366224167860e+00 0.000000000000000000e+00
-1.435200000000000031e+01 -9.560920457780198944e+00 0.000000000000000000e+00
1.435200000000000031e+01 -9.560920457780198944e+00 0.000000000000000000e+00
1.435200000000000031e+01 9.560920457780214932e+00 0.000000000000000000e+00
-1.104000000000000092e+00 1.720965682400436592e+01 0.000000000000000000e+00
1.104000000000000092e+00 1.720965682400436592e+01 0.000000000000000000e+00
-1.104000000000000092e+00 -1.720965682400435171e+01 0.000000000000000000e+00
-1.435200000000000031e+01 9.560920457780214932e+00 0.000000000000000000e+00
1.545600000000000129e+01 7.648736366224167860e+00 0.000000000000000000e+00
1.104000000000000092e+00 -1.720965682400435171e+01 0.000000000000000000e+00
1.545600000000000129e+01 -7.648736366224167860e+00 0.000000000000000000e+00
-1.545600000000000129e+01 7.648736366224167860e+00 0.000000000000000000e+00
3.312000000000000277e+00 -1.720965682400435171e+01 0.000000000000000000e+00
1.655999999999999872e+01 -5.736552274668122564e+00 0.000000000000000000e+00
-1.655999999999999872e+01 5.736552274668122564e+00 0.000000000000000000e+00
3.312000000000000277e+00 1.720965682400436592e+01 0.000000000000000000e+00
1.655999999999999872e+01 5.736552274668122564e+00 0.000000000000000000e+00
-1.655999999999999872e+01 -5.736552274668122564e+00 0.000000000000000000e+00
-1.324800000000000111e+01 -1.147310454933624513e+01 0.000000000000000000e+00
-3.312000000000000277e+00 -1.720965682400435171e+01 0.000000000000000000e+00
1.324800000000000111e+01 -1.147310454933624513e+01 0.000000000000000000e+00
-1.324800000000000111e+01 1.147310454933624513e+01 0.000000000000000000e+00
1.324800000000000111e+01 1.147310454933624513e+01 0.000000000000000000e+00
-3.312000000000000277e+00 1.720965682400436592e+01 0.000000000000000000e+00
-1.766400000000000148e+01 0.000000000000000000e+00 0.000000000000000000e+00
8.832000000000000739e+00 -1.529747273244831973e+01 0.000000000000000000e+00
1.766400000000000148e+01 0.000000000000000000e+00 0.000000000000000000e+00
-8.832000000000000739e+00 -1.529747273244831973e+01 0.000000000000000000e+00
8.832000000000000739e+00 1.529747273244831973e+01 0.000000000000000000e+00
-8.832000000000000739e+00 1.529747273244831973e+01 0.000000000000000000e+00
-1.766400000000000148e+01 -3.824368183112076380e+00 0.000000000000000000e+00
1.214400000000000013e+01 -1.338528864089227532e+01 0.000000000000000000e+00
1.214400000000000013e+01 1.338528864089229131e+01 0.000000000000000000e+00
-1.766400000000000148e+01 3.824368183112076380e+00 0.000000000000000000e+00
5.519999999999999574e+00 -1.720965682400435171e+01 0.000000000000000000e+00
-1.214400000000000013e+01 -1.338528864089227532e+01 0.000000000000000000e+00
-5.519999999999999574e+00 -1.720965682400435171e+01 0.000000000000000000e+00
-5.519999999999999574e+00 1.720965682400436592e+01 0.000000000000000000e+00
5.519999999999999574e+00 1.720965682400436592e+01 0.000000000000000000e+00
-1.214400000000000013e+01 1.338528864089229131e+01 0.000000000000000000e+00
1.766400000000000148e+01 -3.824368183112076380e+00 0.000000000000000000e+00
1.766400000000000148e+01 3.824368183112076380e+00 0.000000000000000000e+00
1.876800000000000068e+01 1.912184091556045962e+00 0.000000000000000000e+00
1.876800000000000068e+01 -1.912184091556030197e+00 0.000000000000000000e+00
-1.876800000000000068e+01 1.912184091556045962e+00 0.000000000000000000e+00
-1.876800000000000068e+01 -1.912184091556030197e+00 0.000000000000000000e+00
7.728000000000000647e+00 1.720965682400436592e+01 0.000000000000000000e+00
7.728000000000000647e+00 -1.720965682400435171e+01 0.000000000000000000e+00
-1.103999999999999915e+01 1.529747273244831973e+01 0.000000000000000000e+00
-7.728000000000000647e+00 1.720965682400436592e+01 0.000000000000000000e+00
-1.103999999999999915e+01 -1.529747273244831973e+01 0.000000000000000000e+00
1.103999999999999915e+01 -1.529747273244831973e+01 0.000000000000000000e+00
-7.728000000000000647e+00 -1.720965682400435171e+01 0.000000000000000000e+00
1.103999999999999915e+01 1.529747273244831973e+01 0.000000000000000000e+00
-1.655999999999999872e+01 9.560920457780214932e+00 0.000000000000000000e+00
-1.655999999999999872e+01 -9.560920457780198944e+00 0.000000000000000000e+00
1.655999999999999872e+01 -9.560920457780198944e+00 0.000000000000000000e+00
0.000000000000000000e+00 1.912184091556041210e+01 0.000000000000000000e+00
0.000000000000000000e+00 -1.912184091556039789e+01 0.000000000000000000e+00
1.655999999999999872e+01 9.560920457780214932e+00 0.000000000000000000e+00
-1.545600000000000129e+01 1.147310454933624513e+01 0.000000000000000000e+00
-1.766400000000000148e+01 -7.648736366224167860e+00 0.000000000000000000e+00
-2.208000000000000185e+00 1.912184091556041210e+01 0.000000000000000000e+00
-2.208000000000000185e+00 -1.912184091556039789e+01 0.000000000000000000e+00
-1.766400000000000148e+01 7.648736366224167860e+00 0.000000000000000000e+00
1.766400000000000148e+01 7.648736366224167860e+00 0.000000000000000000e+00
2.208000000000000185e+00 -1.912184091556039789e+01 0.000000000000000000e+00
1.545600000000000129e+01 1.147310454933624513e+01 0.000000000000000000e+00
1.766400000000000148e+01 -7.648736366224167860e+00 0.000000000000000000e+00
2.208000000000000185e+00 1.912184091556041210e+01 0.000000000000000000e+00
1.545600000000000129e+01 -1.147310454933624513e+01 0.000000000000000000e+00
-1.545600000000000129e+01 -1.147310454933624513e+01 0.000000000000000000e+00
-4.416000000000000369e+00 1.912184091556041210e+01 0.000000000000000000e+00
1.876800000000000068e+01 -5.736552274668122564e+00 0.000000000000000000e+00
1.876800000000000068e+01 5.736552274668122564e+00 0.000000000000000000e+00
1.435200000000000031e+01 -1.338528864089227532e+01 0.000000000000000000e+00
-1.435200000000000031e+01 -1.338528864089227532e+01 0.000000000000000000e+00
-1.876800000000000068e+01 -5.736552274668122564e+00 0.000000000000000000e+00
-1.876800000000000068e+01 5.736552274668122564e+00 0.000000000000000000e+00
4.416000000000000369e+00 -1.912184091556039789e+01 0.000000000000000000e+00
4.416000000000000369e+00 1.912184091556041210e+01 0.000000000000000000e+00
1.435200000000000031e+01 1.338528864089229131e+01 0.000000000000000000e+00
-1.435200000000000031e+01 1.338528864089229131e+01 0.000000000000000000e+00
-4.416000000000000369e+00 -1.912184091556039789e+01 0.000000000000000000e+00
9.935999999999999943e+00 1.720965682400436592e+01 0.000000000000000000e+00
-1.987199999999999989e+01 0.000000000000000000e+00 0.000000000000000000e+00
-9.935999999999999943e+00 1.720965682400436592e+01 0.000000000000000000e+00
1.987199999999999989e+01 0.000000000000000000e+00 0.000000000000000000e+00
9.935999999999999943e+00 -1.720965682400435171e+01 0.000000000000000000e+00
-9.935999999999999943e+00 -1.720965682400435171e+01 0.000000000000000000e+00
-1.324800000000000111e+01 -1.529747273244831973e+01 0.000000000000000000e+00
1.987199999999999989e+01 -3.824368183112076380e+00 0.000000000000000000e+00
1.987199999999999989e+01 3.824368183112076380e+00 0.000000000000000000e+00
-6.624000000000000554e+00 1.912184091556041210e+01 0.000000000000000000e+00
6.624000000000000554e+00 1.912184091556041210e+01 0.000000000000000000e+00
-1.324800000000000111e+01 1.529747273244831973e+01 0.000000000000000000e+00
-6.624000000000000554e+00 -1.912184091556039789e+01 0.000000000000000000e+00
1.324800000000000111e+01 -1.529747273244831973e+01 0.000000000000000000e+00
-1.987199999999999989e+01 -3.824368183112076380e+00 0.000000000000000000e+00
-1.987199999999999989e+01 3.824368183112076380e+00 0.000000000000000000e+00
1.324800000000000111e+01 1.529747273244831973e+01 0.000000000000000000e+00
6.624000000000000554e+00 -1.912184091556039789e+01 0.000000000000000000e+00
1.876800000000000068e+01 -9.560920457780198944e+00 0.000000000000000000e+00
-1.104000000000000092e+00 -2.103402500711644407e+01 0.000000000000000000e+00
-1.766400000000000148e+01 1.147310454933624513e+01 0.000000000000000000e+00
-1.766400000000000148e+01 -1.147310454933624513e+01 0.000000000000000000e+00
-8.832000000000000739e+00 1.912184091556041210e+01 0.000000000000000000e+00
-1.876800000000000068e+01 9.560920457780214932e+00 0.000000000000000000e+00
-1.876800000000000068e+01 -9.560920457780198944e+00 0.000000000000000000e+00
-1.214400000000000013e+01 1.720965682400436592e+01 0.000000000000000000e+00
-8.832000000000000739e+00 -1.912184091556039789e+01 0.000000000000000000e+00
1.214400000000000013e+01 1.720965682400436592e+01 0.000000000000000000e+00
1.214400000000000013e+01 -1.720965682400435171e+01 0.000000000000000000e+00
-1.214400000000000013e+01 -1.720965682400435171e+01 0.000000000000000000e+00
-2.097599999999999909e+01 -1.912184091556030197e+00 0.000000000000000000e+00
1.104000000000000092e+00 2.103402500711645473e+01 0.000000000000000000e+00
8.832000000000000739e+00 1.912184091556041210e+01 0.000000000000000000e+00
1.766400000000000148e+01 1.147310454933624513e+01 0.000000000000000000e+00
8.832000000000000739e+00 -1.912184091556039789e+01 0.000000000000000000e+00
-2.097599999999999909e+01 1.912184091556045962e+00 0.000000000000000000e+00
1.766400000000000148e+01 -1.147310454933624513e+01 0.000000000000000000e+00
1.104000000000000092e+00 -2.103402500711644407e+01 0.000000000000000000e+00
-1.104000000000000092e+00 2.103402500711645473e+01 0.000000000000000000e+00
1.876800000000000068e+01 9.560920457780214932e+00 0.000000000000000000e+00
2.097599999999999909e+01 -1.912184091556030197e+00 0.000000000000000000e+00
2.097599999999999909e+01 1.912184091556045962e+00 0.000000000000000000e+00
3.312000000000000277e+00 2.103402500711645473e+01 0.000000000000000000e+00
-1.655999999999999872e+01 -1.338528864089227532e+01 0.000000000000000000e+00
-1.655999999999999872e+01 1.338528864089229131e+01 0.000000000000000000e+00
1.987199999999999989e+01 7.648736366224167860e+00 0.000000000000000000e+00
1.987199999999999989e+01 -7.648736366224167860e+00 0.000000000000000000e+00
-3.312000000000000277e+00 -2.103402500711644407e+01 0.000000000000000000e+00
-3.312000000000000277e+00 2.103402500711645473e+01 0.000000000000000000e+00
1.655999999999999872e+01 1.338528864089229131e+01 0.000000000000000000e+00
1.655999999999999872e+01 -1.338528864089227532e+01 0.000000000000000000e+00
3.312000000000000277e+00 -2.103402500711644407e+01 0.000000000000000000e+00
-1.987199999999999989e+01 -7.648736366224167860e+00 0.000000000000000000e+00
-1.987199999999999989e+01 7.648736366224167860e+00 0.000000000000000000e+00
-2.097599999999999909e+01 5.736552274668122564e+00 0.000000000000000000e+00
-5.519999999999999574e+00 -2.103402500711644407e+01 0.000000000000000000e+00
-5.519999999999999574e+00 2.103402500711645473e+01 0.000000000000000000e+00
-1.545600000000000129e+01 1.529747273244831973e+01 0.000000000000000000e+00
5.519999999999999574e+00 -2.103402500711644407e+01 0.000000000000000000e+00
-1.545600000000000129e+01 -1.529747273244831973e+01 0.000000000000000000e+00
1.545600000000000129e+01 -1.529747273244831973e+01 0.000000000000000000e+00
5.519999999999999574e+00 2.103402500711645473e+01 0.000000000000000000e+00
2.097599999999999909e+01 5.736552274668122564e+00 0.000000000000000000e+00
1.545600000000000129e+01 1.529747273244831973e+01 0.000000000000000000e+00
-2.097599999999999909e+01 -5.736552274668122564e+00 0.000000000000000000e+00
2.097599999999999909e+01 -5.736552274668122564e+00 0.000000000000000000e+00
2.207999999999999829e+01 0.000000000000000000e+00 0.000000000000000000e+00
-2.207999999999999829e+01 0.000000000000000000e+00 0.000000000000000000e+00
-1.103999999999999915e+01 1.912184091556041210e+01 0.000000000000000000e+00
-1.103999999999999915e+01 -1.912184091556039789e+01 0.000000000000000000e+00
1.103999999999999915e+01 -1.912184091556039789e+01 0.000000000000000000e+00
1.103999999999999915e+01 1.912184091556041210e+01 0.000000000000000000e+00
7.728000000000000647e+00 -2.103402500711644407e+01 0.000000000000000000e+00
2.207999999999999829e+01 -3.824368183112076380e+00 0.000000000000000000e+00
-7.728000000000000647e+00 -2.103402500711644407e+01 0.000000000000000000e+00
-1.435200000000000031e+01 1.720965682400436592e+01 0.000000000000000000e+00
-7.728000000000000647e+00 2.103402500711645473e+01 0.000000000000000000e+00
-1.435200000000000031e+01 -1.720965682400435171e+01 0.000000000000000000e+00
1.435200000000000031e+01 1.720965682400436592e+01 0.000000000000000000e+00
-2.207999999999999829e+01 3.824368183112076380e+00 0.000000000000000000e+00
1.435200000000000031e+01 -1.720965682400435171e+01 0.000000000000000000e+00
7.728000000000000647e+00 2.103402500711645473e+01 0.000000000000000000e+00
2.207999999999999829e+01 3.824368183112076380e+00 0.000000000000000000e+00
-2.207999999999999829e+01 -3.824368183112076380e+00 0.000000000000000000e+00
-1.987199999999999989e+01 1.147310454933624513e+01 0.000000000000000000e+00
0.000000000000000000e+00 2.294620909867249026e+01 0.000000000000000000e+00
1.987199999999999989e+01 1.147310454933624513e+01 0.000000000000000000e+00
1.987199999999999989e+01 -1.147310454933624513e+01 0.000000000000000000e+00
0.000000000000000000e+00 -2.294620909867249026e+01 0.000000000000000000e+00
-1.987199999999999989e+01 -1.147310454933624513e+01 0.000000000000000000e+00
-2.208000000000000185e+00 2.294620909867249026e+01 0.000000000000000000e+00
2.097599999999999909e+01 -9.560920457780198944e+00 0.000000000000000000e+00
-2.208000000000000185e+00 -2.294620909867249026e+01 0.000000000000000000e+00
-2.097599999999999909e+01 -9.560920457780198944e+00 0.000000000000000000e+00
-2.097599999999999909e+01 9.560920457780214932e+00 0.000000000000000000e+00
1.876800000000000068e+01 -1.338528864089227532e+01 0.000000000000000000e+00
1.876800000000000068e+01 1.338528864089229131e+01 0.000000000000000000e+00
2.097599999999999909e+01 9.560920457780214932e+00 0.000000000000000000e+00
2.208000000000000185e+00 2.294620909867249026e+01 0.000000000000000000e+00
-1.876800000000000068e+01 1.338528864089229131e+01 0.000000000000000000e+00
-1.876800000000000068e+01 -1.338528864089227532e+01 0.000000000000000000e+00
2.208000000000000185e+00 -2.294620909867249026e+01 0.000000000000000000e+00
-2.318400000000000105e+01 1.912184091556045962e+00 0.000000000000000000e+00
1.324800000000000111e+01 1.912184091556041210e+01 0.000000000000000000e+00
1.324800000000000111e+01 -1.912184091556039789e+01 0.000000000000000000e+00
-9.935999999999999943e+00 2.103402500711645473e+01 0.000000000000000000e+00
2.318400000000000105e+01 -1.912184091556030197e+00 0.000000000000000000e+00
2.318400000000000105e+01 1.912184091556045962e+00 0.000000000000000000e+00
-9.935999999999999943e+00 -2.103402500711644407e+01 0.000000000000000000e+00
-2.318400000000000105e+01 -1.912184091556030197e+00 0.000000000000000000e+00
9.935999999999999943e+00 2.103402500711645473e+01 0.000000000000000000e+00
-1.324800000000000111e+01 -1.912184091556039789e+01 0.000000000000000000e+00
-1.324800000000000111e+01 1.912184091556041210e+01 0.000000000000000000e+00
9.935999999999999943e+00 -2.103402500711644407e+01 0.000000000000000000e+00
4.416000000000000369e+00 -2.294620909867249026e+01 0.000000000000000000e+00
4.416000000000000369e+00 2.294620909867249026e+01 0.000000000000000000e+00
-4.416000000000000369e+00 -2.294620909867249026e+01 0.000000000000000000e+00
-4.416000000000000369e+00 2.294620909867249026e+01 0.000000000000000000e+00
-1.766400000000000148e+01 -1.529747273244831973e+01 0.000000000000000000e+00
-1.766400000000000148e+01 1.529747273244831973e+01 0.000000000000000000e+00
-2.207999999999999829e+01 7.648736366224167860e+00 0.000000000000000000e+00
-2.207999999999999829e+01 -7.648736366224167860e+00 0.000000000000000000e+00
1.766400000000000148e+01 -1.529747273244831973e+01 0.000000000000000000e+00
1.766400000000000148e+01 1.529747273244831973e+01 0.000000000000000000e+00
2.207999999999999829e+01 -7.648736366224167860e+00 0.000000000000000000e+00
2.207999999999999829e+01 7.648736366224167860e+00 0.000000000000000000e+00
1.655999999999999872e+01 -1.720965682400435171e+01 0.000000000000000000e+00
2.318400000000000105e+01 5.736552274668122564e+00 0.000000000000000000e+00
-6.624000000000000554e+00 -2.294620909867249026e+01 0.000000000000000000e+00
-6.624000000000000554e+00 2.294620909867249026e+01 0.000000000000000000e+00
2.318400000000000105e+01 -5.736552274668122564e+00 0.000000000000000000e+00
-1.655999999999999872e+01 1.720965682400436592e+01 0.000000000000000000e+00
-2.318400000000000105e+01 5.736552274668122564e+00 0.000000000000000000e+00
-2.318400000000000105e+01 -5.736552274668122564e+00 0.000000000000000000e+00
-1.655999999999999872e+01 -1.720965682400435171e+01 0.000000000000000000e+00
6.624000000000000554e+00 -2.294620909867249026e+01 0.000000000000000000e+00
1.655999999999999872e+01 1.720965682400436592e+01 0.000000000000000000e+00
6.624000000000000554e+00 2.294620909867249026e+01 0.000000000000000000e+00
1.214400000000000013e+01 2.103402500711645473e+01 0.000000000000000000e+00
1.214400000000000013e+01 -2.103402500711644407e+01 0.000000000000000000e+00
-2.428800000000000026e+01 0.000000000000000000e+00 0.000000000000000000e+00
-1.214400000000000013e+01 -2.103402500711644407e+01 0.000000000000000000e+00
-1.214400000000000013e+01 2.103402500711645473e+01 0.000000000000000000e+00
2.428800000000000026e+01 0.000000000000000000e+00 0.000000000000000000e+00
8.832000000000000739e+00 2.294620909867249026e+01 0.000000000000000000e+00
-2.428800000000000026e+01 3.824368183112076380e+00 0.000000000000000000e+00
-1.545600000000000129e+01 -1.912184091556039789e+01 0.000000000000000000e+00
2.428800000000000026e+01 3.824368183112076380e+00 0.000000000000000000e+00
-8.832000000000000739e+00 2.294620909867249026e+01 0.000000000000000000e+00
2.428800000000000026e+01 -3.824368183112076380e+00 0.000000000000000000e+00
1.545600000000000129e+01 1.912184091556041210e+01 0.000000000000000000e+00
-1.545600000000000129e+01 1.912184091556041210e+01 0.000000000000000000e+00
-2.428800000000000026e+01 -3.824368183112076380e+00 0.000000000000000000e+00
8.832000000000000739e+00 -2.294620909867249026e+01 0.000000000000000000e+00
1.545600000000000129e+01 -1.912184091556039789e+01 0.000000000000000000e+00
-8.832000000000000739e+00 -2.294620909867249026e+01 0.000000000000000000e+00
-2.207999999999999829e+01 1.147310454933624513e+01 0.000000000000000000e+00
-2.097599999999999909e+01 -1.338528864089227532e+01 0.000000000000000000e+00
-2.207999999999999829e+01 -1.147310454933624513e+01 0.000000000000000000e+00
-1.104000000000000092e+00 -2.485839319022851512e+01 0.000000000000000000e+00
2.207999999999999829e+01 1.147310454933624513e+01 0.000000000000000000e+00
-1.104000000000000092e+00 2.485839319022853644e+01 0.000000000000000000e+00
1.104000000000000092e+00 2.485839319022853644e+01 0.000000000000000000e+00
2.097599999999999909e+01 -1.338528864089227532e+01 0.000000000000000000e+00
-2.097599999999999909e+01 1.338528864089229131e+01 0.000000000000000000e+00
1.104000000000000092e+00 -2.485839319022851512e+01 0.000000000000000000e+00
2.207999999999999829e+01 -1.147310454933624513e+01 0.000000000000000000e+00
2.097599999999999909e+01 1.338528864089229131e+01 0.000000000000000000e+00
3.312000000000000277e+00 2.485839319022853644e+01 0.000000000000000000e+00
-2.318400000000000105e+01 9.560920457780214932e+00 0.000000000000000000e+00
3.312000000000000277e+00 -2.485839319022851512e+01 0.000000000000000000e+00
-1.987199999999999989e+01 1.529747273244831973e+01 0.000000000000000000e+00
2.318400000000000105e+01 9.560920457780214932e+00 0.000000000000000000e+00
1.987199999999999989e+01 -1.529747273244831973e+01 0.000000000000000000e+00
2.318400000000000105e+01 -9.560920457780198944e+00 0.000000000000000000e+00
-1.987199999999999989e+01 -1.529747273244831973e+01 0.000000000000000000e+00
-2.318400000000000105e+01 -9.560920457780198944e+00 0.000000000000000000e+00
-3.312000000000000277e+00 2.485839319022853644e+01 0.000000000000000000e+00
1.987199999999999989e+01 1.529747273244831973e+01 0.000000000000000000e+00
-3.312000000000000277e+00 -2.485839319022851512e+01 0.000000000000000000e+00
-1.103999999999999915e+01 -2.294620909867249026e+01 0.000000000000000000e+00
5.519999999999999574e+00 -2.485839319022851512e+01 0.000000000000000000e+00
-1.435200000000000031e+01 2.103402500711645473e+01 0.000000000000000000e+00
-1.103999999999999915e+01 2.294620909867249026e+01 0.000000000000000000e+00
2.428800000000000026e+01 7.648736366224167860e+00 0.000000000000000000e+00
2.428800000000000026e+01 -7.648736366224167860e+00 0.000000000000000000e+00
-1.435200000000000031e+01 -2.103402500711644407e+01 0.000000000000000000e+00
-1.876800000000000068e+01 1.720965682400436592e+01 0.000000000000000000e+00
5.519999999999999574e+00 2.485839319022853644e+01 0.000000000000000000e+00
-5.519999999999999574e+00 2.485839319022853644e+01 0.000000000000000000e+00
-2.428800000000000026e+01 7.648736366224167860e+00 0.000000000000000000e+00
-1.876800000000000068e+01 -1.720965682400435171e+01 0.000000000000000000e+00
-5.519999999999999574e+00 -2.485839319022851512e+01 0.000000000000000000e+00
-2.428800000000000026e+01 -7.648736366224167860e+00 0.000000000000000000e+00
1.103999999999999915e+01 -2.294620909867249026e+01 0.000000000000000000e+00
1.876800000000000068e+01 -1.720965682400435171e+01 0.000000000000000000e+00
-2.539200000000000301e+01 1.912184091556045962e+00 0.000000000000000000e+00
1.876800000000000068e+01 1.720965682400436592e+01 0.000000000000000000e+00
-2.539200000000000301e+01 -1.912184091556030197e+00 0.000000000000000000e+00
2.539200000000000301e+01 1.912184091556045962e+00 0.000000000000000000e+00
1.103999999999999915e+01 2.294620909867249026e+01 0.000000000000000000e+00
1.435200000000000031e+01 -2.103402500711644407e+01 0.000000000000000000e+00
1.435200000000000031e+01 2.103402500711645473e+01 0.000000000000000000e+00
2.539200000000000301e+01 -1.912184091556030197e+00 0.000000000000000000e+00
7.728000000000000647e+00 -2.485839319022851512e+01 0.000000000000000000e+00
7.728000000000000647e+00 2.485839319022853644e+01 0.000000000000000000e+00
1.766400000000000148e+01 1.912184091556041210e+01 0.000000000000000000e+00
-7.728000000000000647e+00 2.485839319022853644e+01 0.000000000000000000e+00
-7.728000000000000647e+00 -2.485839319022851512e+01 0.000000000000000000e+00
-1.766400000000000148e+01 1.912184091556041210e+01 0.000000000000000000e+00
-2.539200000000000301e+01 -5.736552274668122564e+00 0.000000000000000000e+00
-2.539200000000000301e+01 5.736552274668122564e+00 0.000000000000000000e+00
2.539200000000000301e+01 5.736552274668122564e+00 0.000000000000000000e+00
1.766400000000000148e+01 -1.912184091556039789e+01 0.000000000000000000e+00
2.539200000000000301e+01 -5.736552274668122564e+00 0.000000000000000000e+00
-1.766400000000000148e+01 -1.912184091556039789e+01 0.000000000000000000e+00
2.649600000000000222e+01 0.000000000000000000e+00 0.000000000000000000e+00
-2.649600000000000222e+01 0.000000000000000000e+00 0.000000000000000000e+00
1.324800000000000111e+01 -2.294620909867249026e+01 0.000000000000000000e+00
1.324800000000000111e+01 2.294620909867249026e+01 0.000000000000000000e+00
-1.324800000000000111e+01 -2.294620909867249026e+01 0.000000000000000000e+00
-1.324800000000000111e+01 2.294620909867249026e+01 0.000000000000000000e+00
-2.649600000000000222e+01 3.824368183112076380e+00 0.000000000000000000e+00
0.000000000000000000e+00 2.677057728178456131e+01 0.000000000000000000e+00
9.935999999999999943e+00 -2.485839319022851512e+01 0.000000000000000000e+00
-9.935999999999999943e+00 -2.485839319022851512e+01 0.000000000000000000e+00
2.318400000000000105e+01 1.338528864089229131e+01 0.000000000000000000e+00
-2.318400000000000105e+01 1.338528864089229131e+01 0.000000000000000000e+00
-1.655999999999999872e+01 2.103402500711645473e+01 0.000000000000000000e+00
-9.935999999999999943e+00 2.485839319022853644e+01 0.000000000000000000e+00
-2.318400000000000105e+01 -1.338528864089227532e+01 0.000000000000000000e+00
-1.655999999999999872e+01 -2.103402500711644407e+01 0.000000000000000000e+00
2.649600000000000222e+01 3.824368183112076380e+00 0.000000000000000000e+00
2.649600000000000222e+01 -3.824368183112076380e+00 0.000000000000000000e+00
-2.649600000000000222e+01 -3.824368183112076380e+00 0.000000000000000000e+00
2.318400000000000105e+01 -1.338528864089227532e+01 0.000000000000000000e+00
9.935999999999999943e+00 2.485839319022853644e+01 0.000000000000000000e+00
0.000000000000000000e+00 -2.677057728178456131e+01 0.000000000000000000e+00
1.655999999999999872e+01 -2.103402500711644407e+01 0.000000000000000000e+00
1.655999999999999872e+01 2.103402500711645473e+01 0.000000000000000000e+00
2.428800000000000026e+01 -1.147310454933624513e+01 0.000000000000000000e+00
2.207999999999999829e+01 -1.529747273244831973e+01 0.000000000000000000e+00
2.208000000000000185e+00 2.677057728178456131e+01 0.000000000000000000e+00
-2.428800000000000026e+01 1.147310454933624513e+01 0.000000000000000000e+00
-2.428800000000000026e+01 -1.147310454933624513e+01 0.000000000000000000e+00
-2.208000000000000185e+00 2.677057728178456131e+01 0.000000000000000000e+00
2.428800000000000026e+01 1.147310454933624513e+01 0.000000000000000000e+00
2.207999999999999829e+01 1.529747273244831973e+01 0.000000000000000000e+00
-2.207999999999999829e+01 -1.529747273244831973e+01 0.000000000000000000e+00
-2.207999999999999829e+01 1.529747273244831973e+01 0.000000000000000000e+00
-2.208000000000000185e+00 -2.677057728178456131e+01 0.000000000000000000e+00
2.208000000000000185e+00 -2.677057728178456131e+01 0.000000000000000000e+00
-4.416000000000000369e+00 2.677057728178456131e+01 0.000000000000000000e+00
4.416000000000000369e+00 2.677057728178456131e+01 0.000000000000000000e+00
-2.539200000000000301e+01 9.560920457780214932e+00 0.000000000000000000e+00
2.097599999999999909e+01 1.720965682400436592e+01 0.000000000000000000e+00
2.539200000000000301e+01 9.560920457780214932e+00 0.000000000000000000e+00
-2.097599999999999909e+01 1.720965682400436592e+01 0.000000000000000000e+00
-4.416000000000000369e+00 -2.677057728178456131e+01 0.000000000000000000e+00
2.539200000000000301e+01 -9.560920457780198944e+00 0.000000000000000000e+00
4.416000000000000369e+00 -2.677057728178456131e+01 0.000000000000000000e+00
-2.539200000000000301e+01 -9.560920457780198944e+00 0.000000000000000000e+00
-2.097599999999999909e+01 -1.720965682400435171e+01 0.000000000000000000e+00
2.097599999999999909e+01 -1.720965682400435171e+01 0.000000000000000000e+00
-1.987199999999999989e+01 -1.912184091556039789e+01 0.000000000000000000e+00
-1.987199999999999989e+01 1.912184091556041210e+01 0.000000000000000000e+00
2.649600000000000222e+01 -7.648736366224167860e+00 0.000000000000000000e+00
2.649600000000000222e+01 7.648736366224167860e+00 0.000000000000000000e+00
1.987199999999999989e+01 -1.912184091556039789e+01 0.000000000000000000e+00
-6.624000000000000554e+00 -2.677057728178456131e+01 0.000000000000000000e+00
-2.649600000000000222e+01 -7.648736366224167860e+00 0.000000000000000000e+00
-2.649600000000000222e+01 7.648736366224167860e+00 0.000000000000000000e+00
6.624000000000000554e+00 2.677057728178456131e+01 0.000000000000000000e+00
1.987199999999999989e+01 1.912184091556041210e+01 0.000000000000000000e+00
6.624000000000000554e+00 -2.677057728178456131e+01 0.000000000000000000e+00
-6.624000000000000554e+00 2.677057728178456131e+01 0.000000000000000000e+00
-1.545600000000000129e+01 -2.294620909867249026e+01 0.000000000000000000e+00
1.545600000000000129e+01 -2.294620909867249026e+01 0.000000000000000000e+00
-1.214400000000000013e+01 2.485839319022853644e+01 0.000000000000000000e+00
1.214400000000000013e+01 -2.485839319022851512e+01 0.000000000000000000e+00
1.214400000000000013e+01 2.485839319022853644e+01 0.000000000000000000e+00
2.760000000000000142e+01 -1.912184091556030197e+00 0.000000000000000000e+00
2.760000000000000142e+01 1.912184091556045962e+00 0.000000000000000000e+00
-1.545600000000000129e+01 2.294620909867249026e+01 0.000000000000000000e+00
-1.214400000000000013e+01 -2.485839319022851512e+01 0.000000000000000000e+00
1.545600000000000129e+01 2.294620909867249026e+01 0.000000000000000000e+00
-2.760000000000000142e+01 -1.912184091556030197e+00 0.000000000000000000e+00
-2.760000000000000142e+01 1.912184091556045962e+00 0.000000000000000000e+00
2.760000000000000142e+01 -5.736552274668122564e+00 0.000000000000000000e+00
2.760000000000000142e+01 5.736552274668122564e+00 0.000000000000000000e+00
-8.832000000000000739e+00 2.677057728178456131e+01 0.000000000000000000e+00
8.832000000000000739e+00 -2.677057728178456131e+01 0.000000000000000000e+00
-2.760000000000000142e+01 -5.736552274668122564e+00 0.000000000000000000e+00
-8.832000000000000739e+00 -2.677057728178456131e+01 0.000000000000000000e+00
-2.760000000000000142e+01 5.736552274668122564e+00 0.000000000000000000e+00
8.832000000000000739e+00 2.677057728178456131e+01 0.000000000000000000e+00
-1.876800000000000068e+01 2.103402500711645473e+01 0.000000000000000000e+00
1.876800000000000068e+01 2.103402500711645473e+01 0.000000000000000000e+00
-1.876800000000000068e+01 -2.103402500711644407e+01 0.000000000000000000e+00
1.876800000000000068e+01 -2.103402500711644407e+01 0.000000000000000000e+00
2.870400000000000063e+01 0.000000000000000000e+00 0.000000000000000000e+00
-1.435200000000000031e+01 2.485839319022853644e+01 0.000000000000000000e+00
-2.428800000000000026e+01 1.529747273244831973e+01 0.000000000000000000e+00
-2.428800000000000026e+01 -1.529747273244831973e+01 0.000000000000000000e+00
-2.539200000000000301e+01 -1.338528864089227532e+01 0.000000000000000000e+00
2.428800000000000026e+01 1.529747273244831973e+01 0.000000000000000000e+00
2.539200000000000301e+01 1.338528864089229131e+01 0.000000000000000000e+00
-2.539200000000000301e+01 1.338528864089229131e+01 0.000000000000000000e+00
1.435200000000000031e+01 2.485839319022853644e+01 0.000000000000000000e+00
1.104000000000000092e+00 -2.868276137334059683e+01 0.000000000000000000e+00
-2.870400000000000063e+01 0.000000000000000000e+00 0.000000000000000000e+00
-1.435200000000000031e+01 -2.485839319022851512e+01 0.000000000000000000e+00
2.428800000000000026e+01 -1.529747273244831973e+01 0.000000000000000000e+00
-1.104000000000000092e+00 2.868276137334060749e+01 0.000000000000000000e+00
1.104000000000000092e+00 2.868276137334060749e+01 0.000000000000000000e+00
1.435200000000000031e+01 -2.485839319022851512e+01 0.000000000000000000e+00
2.539200000000000301e+01 -1.338528864089227532e+01 0.000000000000000000e+00
-1.104000000000000092e+00 -2.868276137334059683e+01 0.000000000000000000e+00
2.649600000000000222e+01 1.147310454933624513e+01 0.000000000000000000e+00
2.318400000000000105e+01 1.720965682400436592e+01 0.000000000000000000e+00
-2.318400000000000105e+01 1.720965682400436592e+01 0.000000000000000000e+00
-2.318400000000000105e+01 -1.720965682400435171e+01 0.000000000000000000e+00
2.318400000000000105e+01 -1.720965682400435171e+01 0.000000000000000000e+00
3.312000000000000277e+00 2.868276137334060749e+01 0.000000000000000000e+00
3.312000000000000277e+00 -2.868276137334059683e+01 0.000000000000000000e+00
-3.312000000000000277e+00 2.868276137334060749e+01 0.000000000000000000e+00
-2.649600000000000222e+01 1.147310454933624513e+01 0.000000000000000000e+00
-2.649600000000000222e+01 -1.147310454933624513e+01 0.000000000000000000e+00
-3.312000000000000277e+00 -2.868276137334059683e+01 0.000000000000000000e+00
2.649600000000000222e+01 -1.147310454933624513e+01 0.000000000000000000e+00
2.870400000000000063e+01 3.824368183112076380e+00 0.000000000000000000e+00
2.870400000000000063e+01 -3.824368183112076380e+00 0.000000000000000000e+00
1.766400000000000148e+01 2.294620909867249026e+01 0.000000000000000000e+00
1.103999999999999915e+01 2.677057728178456131e+01 0.000000000000000000e+00
-2.870400000000000063e+01 3.824368183112076380e+00 0.000000000000000000e+00
-1.766400000000000148e+01 -2.294620909867249026e+01 0.000000000000000000e+00
-1.766400000000000148e+01 2.294620909867249026e+01 0.000000000000000000e+00
-1.103999999999999915e+01 2.677057728178456131e+01 0.000000000000000000e+00
1.766400000000000148e+01 -2.294620909867249026e+01 0.000000000000000000e+00
-2.870400000000000063e+01 -3.824368183112076380e+00 0.000000000000000000e+00
1.103999999999999915e+01 -2.677057728178456131e+01 0.000000000000000000e+00
-1.103999999999999915e+01 -2.677057728178456131e+01 0.000000000000000000e+00
2.760000000000000142e+01 9.560920457780214932e+00 0.000000000000000000e+00
2.207999999999999829e+01 1.912184091556041210e+01 0.000000000000000000e+00
-2.207999999999999829e+01 1.912184091556041210e+01 0.000000000000000000e+00
-2.760000000000000142e+01 -9.560920457780198944e+00 0.000000000000000000e+00
-2.207999999999999829e+01 -1.912184091556039789e+01 0.000000000000000000e+00
2.207999999999999829e+01 -1.912184091556039789e+01 0.000000000000000000e+00
5.519999999999999574e+00 2.868276137334060749e+01 0.000000000000000000e+00
2.760000000000000142e+01 -9.560920457780198944e+00 0.000000000000000000e+00
-2.760000000000000142e+01 9.560920457780214932e+00 0.000000000000000000e+00
5.519999999999999574e+00 -2.868276137334059683e+01 0.000000000000000000e+00
-5.519999999999999574e+00 -2.868276137334059683e+01 0.000000000000000000e+00
-5.519999999999999574e+00 2.868276137334060749e+01 0.000000000000000000e+00
-7.728000000000000647e+00 2.868276137334060749e+01 0.000000000000000000e+00
2.870400000000000063e+01 -7.648736366224167860e+00 0.000000000000000000e+00
2.097599999999999909e+01 -2.103402500711644407e+01 0.000000000000000000e+00
2.870400000000000063e+01 7.648736366224167860e+00 0.000000000000000000e+00
7.728000000000000647e+00 -2.868276137334059683e+01 0.000000000000000000e+00
-2.097599999999999909e+01 2.103402500711645473e+01 0.000000000000000000e+00
2.097599999999999909e+01 2.103402500711645473e+01 0.000000000000000000e+00
7.728000000000000647e+00 2.868276137334060749e+01 0.000000000000000000e+00
-7.728000000000000647e+00 -2.868276137334059683e+01 0.000000000000000000e+00
-2.870400000000000063e+01 7.648736366224167860e+00 0.000000000000000000e+00
-2.097599999999999909e+01 -2.103402500711644407e+01 0.000000000000000000e+00
-2.870400000000000063e+01 -7.648736366224167860e+00 0.000000000000000000e+00
-2.980800000000000338e+01 -1.912184091556030197e+00 0.000000000000000000e+00
1.324800000000000111e+01 2.677057728178456131e+01 0.000000000000000000e+00
-1.324800000000000111e+01 2.677057728178456131e+01 0.000000000000000000e+00
-1.324800000000000111e+01 -2.677057728178456131e+01 0.000000000000000000e+00
1.324800000000000111e+01 -2.677057728178456131e+01 0.000000000000000000e+00
-2.980800000000000338e+01 1.912184091556045962e+00 0.000000000000000000e+00
-1.655999999999999872e+01 2.485839319022853644e+01 0.000000000000000000e+00
2.980800000000000338e+01 1.912184091556045962e+00 0.000000000000000000e+00
-1.655999999999999872e+01 -2.485839319022851512e+01 0.000000000000000000e+00
2.980800000000000338e+01 -1.912184091556030197e+00 0.000000000000000000e+00
1.655999999999999872e+01 2.485839319022853644e+01 0.000000000000000000e+00
1.655999999999999872e+01 -2.485839319022851512e+01 0.000000000000000000e+00
-2.980800000000000338e+01 5.736552274668122564e+00 0.000000000000000000e+00
1.987199999999999989e+01 -2.294620909867249026e+01 0.000000000000000000e+00
-9.935999999999999943e+00 2.868276137334060749e+01 0.000000000000000000e+00
-1.987199999999999989e+01 2.294620909867249026e+01 0.000000000000000000e+00
9.935999999999999943e+00 -2.868276137334059683e+01 0.000000000000000000e+00
2.980800000000000338e+01 -5.736552274668122564e+00 0.000000000000000000e+00
9.935999999999999943e+00 2.868276137334060749e+01 0.000000000000000000e+00
2.980800000000000338e+01 5.736552274668122564e+00 0.000000000000000000e+00
1.987199999999999989e+01 2.294620909867249026e+01 0.000000000000000000e+00
-9.935999999999999943e+00 -2.868276137334059683e+01 0.000000000000000000e+00
-1.987199999999999989e+01 -2.294620909867249026e+01 0.000000000000000000e+00
-2.980800000000000338e+01 -5.736552274668122564e+00 0.000000000000000000e+00
2.649600000000000222e+01 1.529747273244831973e+01 0.000000000000000000e+00
0.000000000000000000e+00 -3.059494546489663946e+01 0.000000000000000000e+00
0.000000000000000000e+00 3.059494546489663946e+01 0.000000000000000000e+00
-2.649600000000000222e+01 1.529747273244831973e+01 0.000000000000000000e+00
-2.649600000000000222e+01 -1.529747273244831973e+01 0.000000000000000000e+00
2.649600000000000222e+01 -1.529747273244831973e+01 0.000000000000000000e+00
2.760000000000000142e+01 1.338528864089229131e+01 0.000000000000000000e+00
-2.208000000000000185e+00 3.059494546489663946e+01 0.000000000000000000e+00
2.539200000000000301e+01 1.720965682400436592e+01 0.000000000000000000e+00
-2.539200000000000301e+01 1.720965682400436592e+01 0.000000000000000000e+00
-2.539200000000000301e+01 -1.720965682400435171e+01 0.000000000000000000e+00
-2.760000000000000142e+01 1.338528864089229131e+01 0.000000000000000000e+00
2.208000000000000185e+00 3.059494546489663946e+01 0.000000000000000000e+00
2.208000000000000185e+00 -3.059494546489663946e+01 0.000000000000000000e+00
2.539200000000000301e+01 -1.720965682400435171e+01 0.000000000000000000e+00
2.760000000000000142e+01 -1.338528864089227532e+01 0.000000000000000000e+00
-2.208000000000000185e+00 -3.059494546489663946e+01 0.000000000000000000e+00
-2.760000000000000142e+01 -1.338528864089227532e+01 0.000000000000000000e+00
1.545600000000000129e+01 -2.677057728178456131e+01 0.000000000000000000e+00
2.870400000000000063e+01 -1.147310454933624513e+01 0.000000000000000000e+00
-1.545600000000000129e+01 2.677057728178456131e+01 0.000000000000000000e+00
4.416000000000000369e+00 -3.059494546489663946e+01 0.000000000000000000e+00
-2.428800000000000026e+01 -1.912184091556039789e+01 0.000000000000000000e+00
-2.428800000000000026e+01 1.912184091556041210e+01 0.000000000000000000e+00
2.428800000000000026e+01 1.912184091556041210e+01 0.000000000000000000e+00
-3.091200000000000259e+01 0.000000000000000000e+00 0.000000000000000000e+00
-1.545600000000000129e+01 -2.677057728178456131e+01 0.000000000000000000e+00
3.091200000000000259e+01 0.000000000000000000e+00 0.000000000000000000e+00
2.870400000000000063e+01 1.147310454933624513e+01 0.000000000000000000e+00
-2.870400000000000063e+01 -1.147310454933624513e+01 0.000000000000000000e+00
-2.870400000000000063e+01 1.147310454933624513e+01 0.000000000000000000e+00
-4.416000000000000369e+00 3.059494546489663946e+01 0.000000000000000000e+00
4.416000000000000369e+00 3.059494546489663946e+01 0.000000000000000000e+00
2.428800000000000026e+01 -1.912184091556039789e+01 0.000000000000000000e+00
1.545600000000000129e+01 2.677057728178456131e+01 0.000000000000000000e+00
-4.416000000000000369e+00 -3.059494546489663946e+01 0.000000000000000000e+00
3.091200000000000259e+01 -3.824368183112076380e+00 0.000000000000000000e+00
-1.214400000000000013e+01 -2.868276137334059683e+01 0.000000000000000000e+00
-1.876800000000000068e+01 2.485839319022853644e+01 0.000000000000000000e+00
1.214400000000000013e+01 2.868276137334060749e+01 0.000000000000000000e+00
-1.876800000000000068e+01 -2.485839319022851512e+01 0.000000000000000000e+00
1.214400000000000013e+01 -2.868276137334059683e+01 0.000000000000000000e+00
-3.091200000000000259e+01 3.824368183112076380e+00 0.000000000000000000e+00
-3.091200000000000259e+01 -3.824368183112076380e+00 0.000000000000000000e+00
1.876800000000000068e+01 2.485839319022853644e+01 0.000000000000000000e+00
3.091200000000000259e+01 3.824368183112076380e+00 0.000000000000000000e+00
-1.214400000000000013e+01 2.868276137334060749e+01 0.000000000000000000e+00
1.876800000000000068e+01 -2.485839319022851512e+01 0.000000000000000000e+00
2.980800000000000338e+01 9.560920457780214932e+00 0.000000000000000000e+00
6.624000000000000554e+00 3.059494546489663946e+01 0.000000000000000000e+00
-6.624000000000000554e+00 -3.059494546489663946e+01 0.000000000000000000e+00
-6.624000000000000554e+00 3.059494546489663946e+01 0.000000000000000000e+00
2.318400000000000105e+01 2.103402500711645473e+01 0.000000000000000000e+00
2.318400000000000105e+01 -2.103402500711644407e+01 0.000000000000000000e+00
-2.980800000000000338e+01 -9.560920457780198944e+00 0.000000000000000000e+00
6.624000000000000554e+00 -3.059494546489663946e+01 0.000000000000000000e+00
-2.318400000000000105e+01 2.103402500711645473e+01 0.000000000000000000e+00
-2.980800000000000338e+01 9.560920457780214932e+00 0.000000000000000000e+00
-2.318400000000000105e+01 -2.103402500711644407e+01 0.000000000000000000e+00
2.980800000000000338e+01 -9.560920457780198944e+00 0.000000000000000000e+00
3.091200000000000259e+01 7.648736366224167860e+00 0.000000000000000000e+00
-3.091200000000000259e+01 -7.648736366224167860e+00 0.000000000000000000e+00
-3.091200000000000259e+01 7.648736366224167860e+00 0.000000000000000000e+00
8.832000000000000739e+00 -3.059494546489663946e+01 0.000000000000000000e+00
2.207999999999999829e+01 2.294620909867249026e+01 0.000000000000000000e+00
2.207999999999999829e+01 -2.294620909867249026e+01 0.000000000000000000e+00
-2.207999999999999829e+01 -2.294620909867249026e+01 0.000000000000000000e+00
-2.207999999999999829e+01 2.294620909867249026e+01 0.000000000000000000e+00
8.832000000000000739e+00 3.059494546489663946e+01 0.000000000000000000e+00
-8.832000000000000739e+00 3.059494546489663946e+01 0.000000000000000000e+00
3.091200000000000259e+01 -7.648736366224167860e+00 0.000000000000000000e+00
-8.832000000000000739e+00 -3.059494546489663946e+01 0.000000000000000000e+00
-3.201600000000000534e+01 1.912184091556045962e+00 0.000000000000000000e+00
3.201600000000000534e+01 1.912184091556045962e+00 0.000000000000000000e+00
3.201600000000000534e+01 -1.912184091556030197e+00 0.000000000000000000e+00
1.766400000000000148e+01 -2.677057728178456131e+01 0.000000000000000000e+00
-3.201600000000000534e+01 -1.912184091556030197e+00 0.000000000000000000e+00
-1.766400000000000148e+01 2.677057728178456131e+01 0.000000000000000000e+00
-1.435200000000000031e+01 2.868276137334060749e+01 0.000000000000000000e+00
-1.435200000000000031e+01 -2.868276137334059683e+01 0.000000000000000000e+00
-1.766400000000000148e+01 -2.677057728178456131e+01 0.000000000000000000e+00
1.766400000000000148e+01 2.677057728178456131e+01 0.000000000000000000e+00
1.435200000000000031e+01 -2.868276137334059683e+01 0.000000000000000000e+00
1.435200000000000031e+01 2.868276137334060749e+01 0.000000000000000000e+00
-1.103999999999999915e+01 -3.059494546489663946e+01 0.000000000000000000e+00
2.760000000000000142e+01 -1.720965682400435171e+01 0.000000000000000000e+00
-1.103999999999999915e+01 3.059494546489663946e+01 0.000000000000000000e+00
1.103999999999999915e+01 -3.059494546489663946e+01 0.000000000000000000e+00
2.760000000000000142e+01 1.720965682400436592e+01 0.000000000000000000e+00
1.104000000000000092e+00 3.250712955645266788e+01 0.000000000000000000e+00
-3.201600000000000534e+01 -5.736552274668122564e+00 0.000000000000000000e+00
-3.201600000000000534e+01 5.736552274668122564e+00 0.000000000000000000e+00
-1.104000000000000092e+00 -3.250712955645268920e+01 0.000000000000000000e+00
-1.104000000000000092e+00 3.250712955645266788e+01 0.000000000000000000e+00
-2.097599999999999909e+01 -2.485839319022851512e+01 0.000000000000000000e+00
-2.097599999999999909e+01 2.485839319022853644e+01 0.000000000000000000e+00
1.104000000000000092e+00 -3.250712955645268920e+01 0.000000000000000000e+00
2.870400000000000063e+01 -1.529747273244831973e+01 0.000000000000000000e+00
3.201600000000000534e+01 -5.736552274668122564e+00 0.000000000000000000e+00
3.201600000000000534e+01 5.736552274668122564e+00 0.000000000000000000e+00
2.870400000000000063e+01 1.529747273244831973e+01 0.000000000000000000e+00
-2.870400000000000063e+01 1.529747273244831973e+01 0.000000000000000000e+00
2.097599999999999909e+01 2.485839319022853644e+01 0.000000000000000000e+00
2.097599999999999909e+01 -2.485839319022851512e+01 0.000000000000000000e+00
-2.870400000000000063e+01 -1.529747273244831973e+01 0.000000000000000000e+00
-2.760000000000000142e+01 1.720965682400436592e+01 0.000000000000000000e+00
1.103999999999999915e+01 3.059494546489663946e+01 0.000000000000000000e+00
-2.760000000000000142e+01 -1.720965682400435171e+01 0.000000000000000000e+00
3.312000000000000277e+00 -3.250712955645268920e+01 0.000000000000000000e+00
-3.312000000000000277e+00 -3.250712955645268920e+01 0.000000000000000000e+00
3.312000000000000277e+00 3.250712955645266788e+01 0.000000000000000000e+00
-2.980800000000000338e+01 -1.338528864089227532e+01 0.000000000000000000e+00
-3.312000000000000277e+00 3.250712955645266788e+01 0.000000000000000000e+00
-2.980800000000000338e+01 1.338528864089229131e+01 0.000000000000000000e+00
2.649600000000000222e+01 1.912184091556041210e+01 0.000000000000000000e+00
-2.649600000000000222e+01 -1.912184091556039789e+01 0.000000000000000000e+00
2.649600000000000222e+01 -1.912184091556039789e+01 0.000000000000000000e+00
2.980800000000000338e+01 -1.338528864089227532e+01 0.000000000000000000e+00
2.980800000000000338e+01 1.338528864089229131e+01 0.000000000000000000e+00
-2.649600000000000222e+01 1.912184091556041210e+01 0.000000000000000000e+00
3.091200000000000259e+01 1.147310454933624513e+01 0.000000000000000000e+00
5.519999999999999574e+00 -3.250712955645268920e+01 0.000000000000000000e+00
-2.539200000000000301e+01 2.103402500711645473e+01 0.000000000000000000e+00
3.091200000000000259e+01 -1.147310454933624513e+01 0.000000000000000000e+00
-2.539200000000000301e+01 -2.103402500711644407e+01 0.000000000000000000e+00
-3.091200000000000259e+01 -1.147310454933624513e+01 0.000000000000000000e+00
5.519999999999999574e+00 3.250712955645266788e+01 0.000000000000000000e+00
-3.091200000000000259e+01 1.147310454933624513e+01 0.000000000000000000e+00
2.539200000000000301e+01 2.103402500711645473e+01 0.000000000000000000e+00
-5.519999999999999574e+00 3.250712955645266788e+01 0.000000000000000000e+00
2.539200000000000301e+01 -2.103402500711644407e+01 0.000000000000000000e+00
-5.519999999999999574e+00 -3.250712955645268920e+01 0.000000000000000000e+00
1.655999999999999872e+01 2.868276137334060749e+01 0.000000000000000000e+00
3.311999999999999744e+01 0.000000000000000000e+00 0.000000000000000000e+00
-1.655999999999999872e+01 2.868276137334060749e+01 0.000000000000000000e+00
-1.655999999999999872e+01 -2.868276137334059683e+01 0.000000000000000000e+00
-3.311999999999999744e+01 0.000000000000000000e+00 0.000000000000000000e+00
1.655999999999999872e+01 -2.868276137334059683e+01 0.000000000000000000e+00
1.324800000000000111e+01 3.059494546489663946e+01 0.000000000000000000e+00
-1.324800000000000111e+01 -3.059494546489663946e+01 0.000000000000000000e+00
-1.324800000000000111e+01 3.059494546489663946e+01 0.000000000000000000e+00
-1.987199999999999989e+01 2.677057728178456131e+01 0.000000000000000000e+00
1.324800000000000111e+01 -3.059494546489663946e+01 0.000000000000000000e+00
-1.987199999999999989e+01 -2.677057728178456131e+01 0.000000000000000000e+00
3.311999999999999744e+01 3.824368183112076380e+00 0.000000000000000000e+00
3.311999999999999744e+01 -3.824368183112076380e+00 0.000000000000000000e+00
1.987199999999999989e+01 -2.677057728178456131e+01 0.000000000000000000e+00
1.987199999999999989e+01 2.677057728178456131e+01 0.000000000000000000e+00
-3.311999999999999744e+01 3.824368183112076380e+00 0.000000000000000000e+00
-3.311999999999999744e+01 -3.824368183112076380e+00 0.000000000000000000e+00
0.000000000000000000e+00 0.000000000000000000e+00 0.000000000000000000e+00
