0.000000000000000000e+00 0.000000000000000000e+00 0.000000000000000000e+00
2.735999999999999766e+00 0.000000000000000000e+00 0.000000000000000000e+00
1.367999999999999883e+00 2.369445504753023624e+00 0.000000000000000000e+00
-1.367999999999999883e+00 2.369445504753023624e+00 0.000000000000000000e+00
-2.735999999999999766e+00 0.000000000000000000e+00 0.000000000000000000e+00
-1.367999999999999883e+00 -2.369445504753023624e+00 0.000000000000000000e+00
1.367999999999999883e+00 -2.369445504753023624e+00 0.000000000000000000e+00
5.471999999999999531e+00 0.000000000000000000e+00 0.000000000000000000e+00
4.104000000000000092e+00 2.369445504753023624e+00 0.000000000000000000e+00
2.735999999999999766e+00 4.738891009508783725e+00 0.000000000000000000e+00
0.000000000000000000e+00 4.738891009508783725e+00 0.000000000000000000e+00
-2.735999999999999766e+00 4.738891009508783725e+00 0.000000000000000000e+00
-4.104000000000000092e+00 2.369445504753023624e+00 0.000000000000000000e+00
-5.471999999999999531e+00 0.000000000000000000e+00 0.000000000000000000e+00
-4.104000000000000092e+00 -2.369445504753023624e+00 0.000000000000000000e+00
-2.735999999999999766e+00 -4.738891009508783725e+00 0.000000000000000000e+00
0.000000000000000000e+00 -4.738891009508783725e+00 0.000000000000000000e+00
2.735999999999999766e+00 -4.738891009508783725e+00 0.000000000000000000e+00
4.104000000000000092e+00 -2.369445504753023624e+00 0.000000000000000000e+00
8.208000000000000185e+00 0.000000000000000000e+00 0.000000000000000000e+00
6.840000000000000746e+00 2.369445504753023624e+00 0.000000000000000000e+00
5.471999999999999531e+00 4.738891009508783725e+00 0.000000000000000000e+00
4.104000000000000092e+00 7.108336514261807793e+00 0.000000000000000000e+00
1.367999999999999883e+00 7.108336514261807793e+00 0.000000000000000000e+00
-1.367999999999999883e+00 7.108336514261807793e+00 0.000000000000000000e+00
-4.104000000000000092e+00 7.108336514261807793e+00 0.000000000000000000e+00
-5.471999999999999531e+00 4.738891009508783725e+00 0.000000000000000000e+00
-6.840000000000000746e+00 2.369445504753023624e+00 0.000000000000000000e+00
-8.208000000000000185e+00 0.000000000000000000e+00 0.000000000000000000e+00
-6.840000000000000746e+00 -2.369445504753023624e+00 0.000000000000000000e+00
-5.471999999999999531e+00 -4.738891009508783725e+00 0.000000000000000000e+00
-4.104000000000000092e+00 -7.108336514261807793e+00 0.000000000000000000e+00
-1.367999999999999883e+00 -7.108336514261807793e+00 0.000000000000000000e+00
1.367999999999999883e+00 -7.108336514261807793e+00 0.000000000000000000e+00
4.104000000000000092e+00 -7.108336514261807793e+00 0.000000000000000000e+00
5.471999999999999531e+00 -4.738891009508783725e+00 0.000000000000000000e+00
6.840000000000000746e+00 -2.369445504753023624e+00 0.000000000000000000e+00
1.094399999999999906e+01 0.000000000000000000e+00 0.000000000000000000e+00
9.575999999999998735e+00 2.369445504753023624e+00 0.000000000000000000e+00
8.208000000000000185e+00 4.738891009508783725e+00 0.000000000000000000e+00
6.840000000000000746e+00 7.108336514261807793e+00 0.000000000000000000e+00
5.471999999999999531e+00 9.477782019017567450e+00 0.000000000000000000e+00
2.735999999999999766e+00 9.477782019017567450e+00 0.000000000000000000e+00
0.000000000000000000e+00 9.477782019017567450e+00 0.000000000000000000e+00
-2.735999999999999766e+00 9.477782019017567450e+00 0.000000000000000000e+00
-5.471999999999999531e+00 9.477782019017567450e+00 0.000000000000000000e+00
-6.840000000000000746e+00 7.108336514261807793e+00 0.000000000000000000e+00
-8.208000000000000185e+00 4.738891009508783725e+00 0.000000000000000000e+00
-9.575999999999998735e+00 2.369445504753023624e+00 0.000000000000000000e+00
-1.094399999999999906e+01 0.000000000000000000e+00 0.000000000000000000e+00
-9.575999999999998735e+00 -2.369445504753023624e+00 0.000000000000000000e+00
-8.208000000000000185e+00 -4.738891009508783725e+00 0.000000000000000000e+00
-6.840000000000000746e+00 -7.108336514261807793e+00 0.000000000000000000e+00
-5.471999999999999531e+00 -9.477782019017567450e+00 0.000000000000000000e+00
-2.735999999999999766e+00 -9.477782019017567450e+00 0.000000000000000000e+00
0.000000000000000000e+00 -9.477782019017567450e+00 0.000000000000000000e+00
2.735999999999999766e+00 -9.477782019017567450e+00 0.000000000000000000e+00
5.471999999999999531e+00 -9.477782019017567450e+00 0.000000000000000000e+00
6.840000000000000746e+00 -7.108336514261807793e+00 0.000000000000000000e+00
8.208000000000000185e+00 -4.738891009508783725e+00 0.000000000000000000e+00
9.575999999999998735e+00 -2.369445504753023624e+00 0.000000000000000000e+00
